Number	Commit_id	Date	Files	Insert	Delete	Sum
1	2dd781e		2018-08-09 	1	104	0	104
2	3133860		2018-10-17 	1	86	0	86
3	03a45e0		2018-10-18 	1	0	0	0
4	b30ee59		2018-10-18 	2	89	0	89
5	ae5eb16		2019-11-22 	1	2	0	2
6	9abf864		2019-11-22 	1	2	0	2
7	ed5b859		2019-11-22 	6	161387	0	161387
8	5c3e72e		2019-11-22 	7	125	12	137
9	33b672c		2019-11-23 	8	62	19	81
10	75095a8		2019-11-25 	6	80786	8	80794
11	a290ac9		2019-11-25 	9	160	42	202
12	b6bca59		2019-12-01 	1	1	1	2
13	d1c8043		2019-12-01 	4	116	41	157
14	62314b1		2019-12-04 	1	1	2	3
15	17e368b		2019-12-04 	1	2	2	4
16	7d02f6b		2019-12-04 	1	7	0	7
17	d0234dc		2019-12-04 	4	186	19	205
18	c662f2d		2019-12-06 	10	119	190	309
19	0db3742		2020-01-02 	1	1	1	2
20	e585940		2020-01-21 	1	0	2	2
21	8512203		2020-01-21 	1	1	1	2
22	0e4e6b5		2020-01-21 	1	2	2	4
23	86bed18		2020-01-21 	1	2	3	5
24	992644b		2020-01-21 	1	3	0	3
25	feb75e0		2020-01-21 	1	3	5	8
26	87d6659		2020-01-21 	1	4	3	7
27	5c92364		2020-01-21 	1	9	2	11
28	8812f5d		2020-01-21 	141	2	2023	2025
29	dbae2d5		2020-01-21 	221	4210	0	4210
30	12a4f19		2020-01-21 	6	25	10	35
31	86f0c71		2020-01-21 	69	0	0	0
32	2f0992f		2020-01-21 	75	123	34	157
33	ebcd69b		2020-01-22 	8	140	25	165
34	5034783		2020-01-23 	2	159	42	201
35	c24cb39		2020-01-23 	6	127	12	139
36	617f9fc		2020-01-24 	10	534	297	831
37	67d2e97		2020-01-25 	1	1	70	71
38	4f24438		2020-01-25 	3	221	25	246
39	70f9c0f		2020-01-25 	4	81	5	86
40	ccd1c94		2020-01-26 	1	3	0	3
41	923d40d		2020-01-26 	4	111	29	140
42	d456102		2020-01-27 	1	1	1	2
43	a9b8ffb		2020-01-27 	6	597	4	601
44	76d2152		2020-01-28 	1	1	3	4
45	76c11e1		2020-01-28 	10	882	35	917
46	3993ce2		2020-01-28 	7	133	37	170
47	3a5a130		2020-01-30 	1	10	0	10
48	e668cff		2020-01-30 	1	10	9	19
49	2ed5c52		2020-01-30 	1	11	10	21
50	29353b7		2020-01-30 	1	15	6	21
51	4945432		2020-01-30 	1	19	18	37
52	b798fde		2020-01-30 	1	5	11	16
53	5bffd80		2020-01-30 	1	5	2	7
54	7b2d88d		2020-01-30 	12	53	74	127
55	35847a2		2020-01-30 	2	27	1	28
56	dbbed7c		2022-07-06 	1	1	1	2
57	1645652		2022-07-08 	1	1	1	2
58	9483b2f		2022-07-08 	1	3	0	3
59	cac75ab		2022-07-08 	1	9	0	9
60	576fcd9		2022-07-08 	1	9	0	9
61	13aefbc		2022-07-08 	2	1	15	16
62	3ccff5d		2022-07-10 	1	9	0	9
63	eb41d24		2022-07-11 	1	2	0	2
64	4013aca		2022-07-11 	1	2	2	4
65	1966494		2022-07-11 	2	7	6	13
66	6836996		2022-07-13 	1	8	7	15
67	e62d1c0		2022-07-13 	1	8	7	15
68	7e05f51		2022-07-13 	2	22	24	46
69	204df74		2022-07-13 	4	41	5	46
70	0ecd219		2022-07-13 	4	50	3	53
71	65e2b25		2023-01-02 	1	5	3	8
72	3661499		2023-01-03 	1	17	19	36
73	2356306		2023-01-04 	1	21	18	39
74	37f21ef		2023-01-04 	1	22	0	22
75	9694ca3		2023-01-04 	1	3	4	7
76	468a08f		2023-01-04 	1	4	4	8
77	6733f00		2023-01-04 	1	6	7	13
78	2a7ddc1		2023-01-08 	1	14	9	23
79	56c075a		2023-01-09 	4	58	34	92
80	ba7c7c4		2023-01-10 	2	35	20	55
81	2acc9af		2023-01-12 	5	73	51	124
82	372783b		2023-01-13 	4	33	27	60
83	8237fa4		2023-01-15 	6	502	463	965
84	666e536		2023-01-19 	1	15	10	25
85	744a386		2023-01-19 	1	39	5	44
86	00234c3		2023-01-20 	1	10	0	10
87	5af91c4		2023-01-20 	2	96	14	110
88	dbc21a3		2023-01-25 	2	205	58	263
89	4047bd9		2023-01-25 	5	21	2	23
90	570c1a8		2023-01-26 	5	21	2	23
91	f07a656		2023-01-27 	1	2	0	2
92	211c7e4		2023-01-27 	2	59	0	59
93	b5f1a5f		2023-01-29 	0	0	0	0
94	cb063a9		2023-01-29 	6	203	183	386
95	3744763		2023-01-31 	1	44	65	109
96	c68eb0b		2023-01-31 	1	5	11	16
97	9367bcf		2023-02-02 	1	37	41	78
98	cd4cf16		2023-02-02 	1	5	3	8
99	d6440e1		2023-02-03 	1	29	38	67
100	8fbf611		2023-02-13 	1	16	5	21
101	4232f2d		2023-02-15 	2	36	13	49
102	78bb89d		2023-02-25 	9	20	30	50
103	09b2087		2023-03-01 	12	115	146	261
104	7f617ae		2023-03-03 	4	6	4	10
105	4574760		2023-03-06 	8	46	28	74
106	b730715		2023-03-07 	4	14	18	32
107	56622e6		2023-03-08 	3	22	0	22
108	caa9fdc		2023-03-13 	1	93	15	108
109	24b2fc3		2023-03-15 	7	73	26	99
110	782c8e5		2023-03-18 	5	45	24	69
111	dafc06a		2023-03-20 	6	42	11	53
112	2299b01		2023-03-24 	9	815	1	816
113	46b416a		2023-03-25 	0	0	0	0
114	f27affa		2023-03-25 	5	40	4	44
115	2094008		2023-03-25 	6	41	5	46
116	932d9cb		2023-03-28 	8	11	3	14
117	774a662		2023-03-29 	2	16	17	33
118	641adb5		2023-04-01 	10	161367	2	161369
119	cec11dd		2023-04-02 	14	773	28	801
120	f8ff919		2023-04-03 	5	38	2	40
121	c0443d8		2023-04-04 	2	22	5	27
122	172bc33		2023-04-06 	3	26	18	44
123	1b4c706		2023-04-07 	10	426	22	448
124	fad0678		2023-04-09 	9	68	17	85
125	ad92e10		2023-04-11 	22	10	162597	162607
126	12ce4b9		2023-04-11 	3	242040	0	242040
127	113b248		2023-04-15 	4	27	1	28
128	afaa764		2023-04-16 	5	423574	2	423576
129	5c83db5		2023-04-17 	18	69	584991	585060
130	d74ed7c		2023-04-18 	28	586	4	590
131	10bf4ae		2023-04-19 	12	161374	12	161386
132	57133f6		2023-04-19 	2	3	1	4
133	9e1862c		2023-04-19 	2	4	9	13
134	533d967		2023-04-19 	7	3	28	31
135	97ae5f4		2023-04-21 	1	1	1	2
136	b5738c0		2023-04-21 	3	5	9	14
137	44d2679		2023-04-21 	5	44	0	44
138	f408f46		2023-04-23 	1	3	6	9
139	e2ab9a3		2023-04-24 	9	7	8	15
140	2f99517		2023-04-27 	5	25	3	28
141	e825cd7		2023-04-30 	1	1	1	2
142	2c5313e		2023-04-30 	1	4	0	4
143	aa6e1db		2023-04-30 	2	10	0	10
144	d2e7fc4		2023-04-30 	4	35	4	39
145	690cfcf		2023-05-01 	1	13	3	16
146	81ddace		2023-05-01 	1	2	3	5
147	64a6b97		2023-05-01 	2	22	0	22
148	b7dc95c		2023-05-01 	3	23	21	44
149	dc3e1f6		2023-05-01 	4	18	0	18
150	6361b9d		2023-05-02 	3	31	2	33
151	2c9b44f		2023-05-02 	6	32	4	36
152	b83f4f1		2023-05-03 	4	94	23	117
153	30e1ad3		2023-05-04 	5	76	26	102
154	9677671		2023-05-05 	2	9	10	19
155	2581541		2023-05-06 	1	6	0	6
156	c10560f		2023-05-06 	2	20	15	35
157	2bb2cd2		2023-05-07 	1	18	13	31
158	97042f7		2023-05-08 	11	195	1	196
159	7ca5c2d		2023-05-09 	3	25	5	30
160	08d0088		2023-05-12 	2	29	0	29
161	eaafadb		2023-05-13 	5	33	7	40
162	108c150		2023-05-14 	6	65	0	65
163	9576c37		2023-05-16 	2	23	7	30
164	51f0ec9		2023-05-16 	6	25	11	36
165	6216fb7		2023-05-18 	1	0	0	0
166	8f775a4		2023-05-19 	10	139	0	139
167	5784812		2023-05-20 	6	42	31	73
168	3bb72e8		2023-05-21 	4	12	12	24
169	a29c098		2023-05-21 	7	21	23	44
170	66133d6		2023-05-22 	7	40	34	74
171	78e9aac		2023-05-23 	8	48	29	77
172	d4c3d70		2023-05-24 	1	17	5	22
173	72a2624		2023-05-25 	3	27	9	36
174	b9933b1		2023-05-26 	3	12	10	22
175	1f80a71		2023-05-27 	4	47	0	47
176	a6ea010		2023-05-28 	4	43	12	55
177	536c5df		2023-05-29 	3	30	11	41
178	4bcf3f6		2023-06-02 	6	100	0	100
179	9a30add		2023-06-03 	5	22	11	33
180	c88972e		2023-06-04 	4	30	1	31
181	7a1f88f		2023-06-04 	9	210	1	211
182	1b863e6		2023-06-07 	4	35	11	46
183	e9d7ecf		2023-06-08 	3	7	6	13
184	3b994d8		2023-06-08 	4	15	10	25
185	8ac7ed4		2023-06-09 	2	16	9	25
186	91609a4		2023-06-10 	8	227	49	276
187	2269799		2023-06-11 	4	331	50	381
188	36374b8		2023-06-12 	2	24	6	30
189	cae9941		2023-06-13 	9	371	16	387
190	14cbace		2023-06-14 	2	44	49	93
191	f7cdf2e		2023-06-14 	3	149	0	149
192	b6df841		2023-06-14 	4	30	0	30
193	e1d6616		2023-06-14 	5	30	6	36
194	9956480		2023-06-15 	6	114	26	140
195	447e73d		2023-06-17 	4	18	6	24
196	ef8090b		2023-06-18 	5	20	25	45
197	35ad1be		2023-06-18 	8	131	15	146
198	6a4a2e3		2023-06-19 	13	82	13	95
199	57097f5		2023-06-20 	1	1	1	2
200	585a392		2023-06-20 	1	1	1	2
201	de8b892		2023-06-20 	2	10	2	12
202	b5762a1		2023-06-20 	5	71	6	77
203	af17deb		2023-06-21 	7	66	16	82
204	1b326bc		2023-06-22 	6	42	9	51
205	2cb91ce		2023-06-23 	1	1	1	2
206	74a543a		2023-06-23 	6	88	36	124
207	8652eca		2023-06-24 	2	22	1	23
208	6b22693		2023-06-25 	5	46	24	70
209	33bc834		2023-06-26 	11	357	0	357
210	5b88f72		2023-06-26 	3	10	8	18
211	76490c4		2023-06-27 	4	9	15	24
212	dbdf610		2023-06-28 	7	53	46	99
213	d7ab827		2023-06-29 	14	395	0	395
214	057eab4		2023-07-02 	21	431	25	456
215	2ce1c8a		2023-07-02 	7	41	0	41
216	b739055		2023-07-04 	4	98	4	102
217	1f67be0		2023-07-05 	3	19	12	31
218	317f870		2023-07-06 	3	18	8	26
219	2875c10		2023-07-07 	15	329	0	329
220	7718976		2023-07-08 	12	64	7	71
221	55dd7db		2023-07-08 	5	18	1	19
222	1ee3741		2023-07-09 	6	104	0	104
223	5c32755		2023-07-10 	6	104	0	104
224	b05579c		2023-07-10 	6	107	0	107
225	e5d529b		2023-07-11 	11	216	0	216
226	105a78c		2023-07-12 	6	80	10	90
227	0782b11		2023-07-13 	1	15	1	16
228	89e14c7		2023-07-13 	1	41	25	66
229	7218b39		2023-07-13 	2	19	15	34
230	8c1dfc2		2023-07-13 	2	3	0	3
231	b11a3d3		2023-07-14 	10	268	0	268
232	8abdb65		2023-07-14 	13	83	0	83
233	0d046d4		2023-07-15 	5	72	0	72
234	b840551		2023-07-16 	4	125	0	125
235	ac43b50		2023-07-17 	3	3	3	6
236	36700cd		2023-07-17 	4	4	4	8
237	2406ac6		2023-07-17 	4	42	13	55
238	dab6fb8		2023-07-17 	6	98	0	98
239	75a822c		2023-07-18 	1	3	0	3
240	243d946		2023-07-18 	7	193	0	193
241	c55ed63		2023-07-19 	100	31059572	20	31059592
242	4648b0d		2023-07-19 	106	33317589	4	33317593
243	6889c84		2023-07-20 	1	3	0	3
244	6ed8c38		2023-07-20 	2	8	4	12
245	120b136		2023-07-20 	2	9	5	14
246	cf4dffb		2023-07-21 	3	60	42	102
247	cf4dffb		2023-07-21 	3	60	42	102
248	30d0abe		2023-07-21 	6	150	0	150
249	30d0abe		2023-07-21 	6	150	0	150
250	7cec1fa		2023-07-22 	3	34	6	40
251	7cec1fa		2023-07-22 	3	34	6	40
252	f1dd15d		2023-07-22 	6	44	25	69
253	f1dd15d		2023-07-22 	6	44	25	69
254	3b08115		2023-07-25 	4	20	3	23
255	3b08115		2023-07-25 	4	20	3	23
256	cc71061		2023-07-26 	10	257	0	257
257	cc71061		2023-07-26 	10	257	0	257
258	f6b0006		2023-07-27 	6	12	11	23
259	b393a64		2023-07-27 	6	12	11	23
260	011d1ee		2023-07-28 	14	210	16	226
261	c99823e		2023-07-28 	15	210	16	226
262	048f712		2023-07-28 	3	3	3	6
263	72dbe19		2023-07-28 	4	1	1	2
264	e763b43		2023-07-29 	13	195	139	334
265	e763b43		2023-07-29 	13	195	139	334
266	2cee13f		2023-07-29 	17	506	0	506
267	4ba5bc0		2023-07-30 	6	31	27	58
268	64d6fb8		2023-07-31 	5	19	33	52
269	0e63a4a		2023-07-31 	6	56	13	69
270	e0ea26c		2023-08-01 	4	57	15	72
271	d66fd5f		2023-08-02 	4	61	40	101
272	cd3555d		2023-08-03 	4	34	28	62
273	0201681		2023-08-04 	1	4	7	11
274	2fa8e80		2023-08-04 	3	9	11	20
275	9b37665		2023-08-05 	4	27	44	71
276	0a45c1a		2023-08-06 	4	48	28	76
277	248495a		2023-08-07 	7	62	39	101
278	1b83dc9		2023-08-08 	2	3	2	5
279	028143e		2023-08-09 	8	158	0	158
280	9716bc5		2023-08-10 	3	40	9	49
281	c9b5f30		2023-08-11 	2	43	0	43
282	bf076a0		2023-08-12 	2	18	21	39
283	36e963a		2023-08-13 	9	80	29	109
284	382a608		2023-08-14 	3	40	13	53
285	2018-08-09	1	104	0	104
286	2018-09-17	1	1	0	1
287	2018-09-17	22	515	0	515
288	2018-09-18	1	2	2	4
289	2018-09-21	9	113	21	134
290	2018-09-24	1	1	11	12
291	2018-09-24	3	52	2	54
292	2018-09-24	3	61	0	61
293	2018-09-26	4	27	5	32
294	2018-09-28	1	0	0	0
295	2018-09-28	4	56	1	57
296	2018-09-28	8	181	1	182
297	2018-09-29	7	89	2	91
298	2018-10-17	1	86	0	86
299	2018-10-18	1	0	0	0
300	2018-10-18	2	89	0	89
301	2018-10-22	24	520	12	532
302	2018-10-25	38	310	352	662
303	2018-10-26	3	31	13	44
304	2018-10-28	11	62	26	88
305	2018-10-30	10	201	137	338
306	2018-11-02	23	287	15	302
307	2018-11-09	25	258	141	399
308	2018-11-09	5	18	140	158
309	2018-11-10	49	66	54	120
310	2018-11-25	1	2	15	17
311	2019-11-22	1	2	0	2
312	2019-11-22	1	2	0	2
313	2019-11-22	6	161387	0	161387
314	2019-11-22	7	125	12	137
315	2019-11-23	8	62	19	81
316	2019-11-25	6	80786	8	80794
317	2019-11-25	9	160	42	202
318	2019-12-01	1	1	1	2
319	2019-12-01	4	116	41	157
320	2019-12-04	1	1	2	3
321	2019-12-04	1	2	2	4
322	2019-12-04	1	7	0	7
323	2019-12-04	4	186	19	205
324	2019-12-06	10	119	190	309
325	2019-12-21	1	2	0	2
326	2019-12-21	3	56	0	56
327	2020-01-02	1	1	1	2
328	2020-01-09	77	2060	19	2079
329	2020-01-12	5	188	17	205
330	2020-01-17	4	136	35	171
331	2020-01-21	1	0	2	2
332	2020-01-21	1	1	1	2
333	2020-01-21	1	2	2	4
334	2020-01-21	1	2	3	5
335	2020-01-21	1	3	0	3
336	2020-01-21	1	3	5	8
337	2020-01-21	1	4	3	7
338	2020-01-21	1	9	2	11
339	2020-01-21	141	2	2023	2025
340	2020-01-21	221	4210	0	4210
341	2020-01-21	6	25	10	35
342	2020-01-21	69	0	0	0
343	2020-01-21	75	123	34	157
344	2020-01-22	8	140	25	165
345	2020-01-23	2	159	42	201
346	2020-01-23	6	127	12	139
347	2020-01-24	10	534	297	831
348	2020-01-25	1	1	70	71
349	2020-01-25	3	221	25	246
350	2020-01-25	4	81	5	86
351	2020-01-26	1	3	0	3
352	2020-01-26	4	111	29	140
353	2020-01-27	1	1	1	2
354	2020-01-27	6	597	4	601
355	2020-01-28	1	1	3	4
356	2020-01-28	10	882	35	917
357	2020-01-28	7	133	37	170
358	2020-01-30	1	10	0	10
359	2020-01-30	1	10	9	19
360	2020-01-30	1	11	10	21
361	2020-01-30	1	15	6	21
362	2020-01-30	1	19	18	37
363	2020-01-30	1	5	11	16
364	2020-01-30	1	5	2	7
365	2020-01-30	12	53	74	127
366	2020-01-30	2	27	1	28
367	2020-02-03	14	344	136	480
368	2020-02-03	5	81	45	126
369	2020-02-03	8	82	36	118
370	2022-07-06	1	1	1	2
371	2022-07-08	1	1	1	2
372	2022-07-08	1	3	0	3
373	2022-07-08	1	9	0	9
374	2022-07-08	1	9	0	9
375	2022-07-08	2	1	15	16
376	2022-07-10	1	9	0	9
377	2022-07-11	1	2	0	2
378	2022-07-11	1	2	2	4
379	2022-07-11	2	7	6	13
380	2022-07-13	1	8	7	15
381	2022-07-13	1	8	7	15
382	2022-07-13	2	22	24	46
383	2022-07-13	4	41	5	46
384	2022-07-13	4	50	3	53
385	2022-09-14	1	1	1	2
386	2022-09-14	1	11	0	11
387	2022-09-14	5	318	81	399
388	2022-09-16	5	83	16	99
389	2022-09-19	3	74	34	108
390	2022-09-22	3	130	106	236
391	2022-09-29	3	84	17	101
392	2022-10-01	3	184	35	219
393	2022-10-02	10	174	84	258
394	2022-10-02	3	38	5	43
395	2022-10-04	3	59	12	71
396	2022-10-08	9	437	286	723
397	2022-10-18	11	211	20	231
398	2022-10-19	3	92	25	117
399	2022-10-20	7	83	26	109
400	2022-10-27	4	284	101	385
401	2022-10-30	6	100	64	164
402	2022-11-05	5	193	78	271
403	2022-11-07	12	152	80	232
404	2022-12-02	9	159	32	191
405	2022-12-15	1	1	0	1
406	2022-12-16	4	41	1	42
407	2022-12-16	7	51043	44	51087
408	2022-12-16	9	388	51015	51403
409	2022-12-19	0	0	0	0
410	2022-12-19	1	1	0	1
411	2022-12-19	1	19	0	19
412	2022-12-19	1	19	0	19
413	2022-12-19	1	2	2	4
414	2022-12-22	6	200	18	218
415	2022-12-28	1	16	2	18
416	2022-12-28	1	37	4	41
417	2022-12-28	8	123	35	158
418	2022-12-29	1	5	0	5
419	2022-12-30	1	1	0	1
420	2022-12-30	1	2	1	3
421	2022-12-30	1	2	1	3
422	2022-12-30	1	2	1	3
423	2022-12-30	1	2	1	3
424	2022-12-30	1	2	1	3
425	2022-12-30	2	17	0	17
426	2022-12-30	3	9	2	11
427	2022-12-31	1	0	0	0
428	2022-12-31	1	1	1	2
429	2022-12-31	1	34	0	34
430	2022-12-31	2	97	20	117
431	2023-01-01	1	1	1	2
432	2023-01-01	1	1	1	2
433	2023-01-01	1	1	1	2
434	2023-01-01	1	74	0	74
435	2023-01-01	2	11	0	11
436	2023-01-02	1	1	0	1
437	2023-01-02	1	1	0	1
438	2023-01-02	1	5	3	8
439	2023-01-02	2	11	0	11
440	2023-01-02	2	19	0	19
441	2023-01-03	1	17	19	36
442	2023-01-03	2	2	0	2
443	2023-01-04	1	21	18	39
444	2023-01-04	1	22	0	22
445	2023-01-04	1	3	4	7
446	2023-01-04	1	4	4	8
447	2023-01-04	1	6	7	13
448	2023-01-04	2	2	0	2
449	2023-01-04	2	2	0	2
450	2023-01-04	2	2	0	2
451	2023-01-08	1	14	9	23
452	2023-01-08	2	4	0	4
453	2023-01-09	2	2	0	2
454	2023-01-09	4	58	34	92
455	2023-01-10	2	2	0	2
456	2023-01-10	2	35	20	55
457	2023-01-11	2	2	0	2
458	2023-01-12	2	2	1	3
459	2023-01-12	2	2	1	3
460	2023-01-12	5	73	51	124
461	2023-01-13	2	2	0	2
462	2023-01-13	4	33	27	60
463	2023-01-14	2	2	0	2
464	2023-01-15	2	2	1	3
465	2023-01-15	2	2	1	3
466	2023-01-15	2	2	1	3
467	2023-01-15	6	502	463	965
468	2023-01-17	10	30	3	33
469	2023-01-17	3	4	0	4
470	2023-01-19	1	15	10	25
471	2023-01-19	1	39	5	44
472	2023-01-19	3	1	33	34
473	2023-01-19	3	53	0	53
474	2023-01-19	4	43	1	44
475	2023-01-20	1	10	0	10
476	2023-01-20	2	2	0	2
477	2023-01-20	2	2	1	3
478	2023-01-20	2	35	0	35
479	2023-01-20	2	96	14	110
480	2023-01-25	2	2	0	2
481	2023-01-25	2	2	0	2
482	2023-01-25	2	205	58	263
483	2023-01-25	5	21	2	23
484	2023-01-26	3	171	1	172
485	2023-01-26	5	21	2	23
486	2023-01-27	0	0	0	0
487	2023-01-27	1	1	1	2
488	2023-01-27	1	10	4	14
489	2023-01-27	1	2	0	2
490	2023-01-27	1	2	0	2
491	2023-01-27	1	3	0	3
492	2023-01-27	2	58	169	227
493	2023-01-27	2	59	0	59
494	2023-01-27	3	3	0	3
495	2023-01-27	3	32	0	32
496	2023-01-27	3	62	0	62
497	2023-01-27	3	62	0	62
498	2023-01-27	3	74	0	74
499	2023-01-27	4	19	45	64
500	2023-01-27	5	2	75	77
501	2023-01-27	7	1	126	127
502	2023-01-28	3	3	0	3
503	2023-01-29	0	0	0	0
504	2023-01-29	1	1	0	1
505	2023-01-29	3	3	2	5
506	2023-01-29	3	5	0	5
507	2023-01-29	6	203	183	386
508	2023-01-31	1	44	65	109
509	2023-01-31	1	5	11	16
510	2023-01-31	3	3	0	3
511	2023-01-31	3	3	0	3
512	2023-02-02	1	37	41	78
513	2023-02-02	1	5	3	8
514	2023-02-02	3	3	0	3
515	2023-02-02	3	3	0	3
516	2023-02-03	1	29	38	67
517	2023-02-03	3	3	0	3
518	2023-02-05	1	0	7	7
519	2023-02-05	2	1	1	2
520	2023-02-05	2	2	0	2
521	2023-02-05	2	3	1	4
522	2023-02-05	2	4	0	4
523	2023-02-05	2	7	8	15
524	2023-02-05	3	10	1	11
525	2023-02-05	3	22	6	28
526	2023-02-05	3	5	2	7
527	2023-02-05	3	8	0	8
528	2023-02-05	8	34	19	53
529	2023-02-08	7	151	1	152
530	2023-02-10	10	14	13	27
531	2023-02-10	13	215	100	315
532	2023-02-10	2	2	1	3
533	2023-02-10	2	4	0	4
534	2023-02-10	3	3	2	5
535	2023-02-10	5	7	2	9
536	2023-02-13	1	16	5	21
537	2023-02-13	2	67	0	67
538	2023-02-14	3	10	6	16
539	2023-02-14	3	81	7	88
540	2023-02-15	2	36	13	49
541	2023-02-15	6	10	6	16
542	2023-02-17	7	125	0	125
543	2023-02-18	1	1	1	2
544	2023-02-18	14	352	84	436
545	2023-02-25	10	14	5	19
546	2023-02-25	6	8	8	16
547	2023-02-25	9	20	30	50
548	2023-03-01	12	115	146	261
549	2023-03-01	8	12	3	15
550	2023-03-03	4	6	4	10
551	2023-03-03	9	8	2	10
552	2023-03-06	8	46	28	74
553	2023-03-06	9	8	2	10
554	2023-03-07	4	14	18	32
555	2023-03-07	9	8	2	10
556	2023-03-08	3	22	0	22
557	2023-03-08	9	8	2	10
558	2023-03-13	1	93	15	108
559	2023-03-13	9	8	2	10
560	2023-03-15	7	73	26	99
561	2023-03-15	9	8	2	10
562	2023-03-18	5	45	24	69
563	2023-03-18	9	8	2	10
564	2023-03-20	6	42	11	53
565	2023-03-20	9	8	2	10
566	2023-03-24	9	8	2	10
567	2023-03-24	9	815	1	816
568	2023-03-25	0	0	0	0
569	2023-03-25	5	40	4	44
570	2023-03-25	6	41	5	46
571	2023-03-25	9	7	4	11
572	2023-03-25	9	9	3	12
573	2023-03-28	8	11	3	14
574	2023-03-28	9	17	5	22
575	2023-03-29	2	16	17	33
576	2023-03-29	9	8	2	10
577	2023-04-01	10	161367	2	161369
578	2023-04-01	8	8	2	10
579	2023-04-02	14	773	28	801
580	2023-04-02	16	28	10	38
581	2023-04-02	6	8	10	18
582	2023-04-02	9	7	4	11
583	2023-04-03	5	38	2	40
584	2023-04-03	9	8	2	10
585	2023-04-04	2	22	5	27
586	2023-04-04	9	8	2	10
587	2023-04-06	3	26	18	44
588	2023-04-06	9	8	2	10
589	2023-04-07	10	112	3	115
590	2023-04-07	10	426	22	448
591	2023-04-09	9	68	17	85
592	2023-04-09	9	9	3	12
593	2023-04-10	8	8	2	10
594	2023-04-11	22	10	162597	162607
595	2023-04-11	3	242040	0	242040
596	2023-04-11	8	7	4	11
597	2023-04-11	8	8	2	10
598	2023-04-12	12	15	13	28
599	2023-04-12	13	24	13	37
600	2023-04-12	5	6	4	10
601	2023-04-12	6	8	5	13
602	2023-04-13	6	4	3	7
603	2023-04-13	6	5	3	8
604	2023-04-15	11	14	7	21
605	2023-04-15	4	27	1	28
606	2023-04-16	5	423574	2	423576
607	2023-04-16	8	9	3	12
608	2023-04-17	10	24	6	30
609	2023-04-17	18	69	584991	585060
610	2023-04-18	28	586	4	590
611	2023-04-18	9	9	3	12
612	2023-04-19	10	11	5	16
613	2023-04-19	10	142	11	153
614	2023-04-19	12	161374	12	161386
615	2023-04-19	2	3	1	4
616	2023-04-19	2	4	9	13
617	2023-04-19	7	3	28	31
618	2023-04-19	9	8	2	10
619	2023-04-19	9	9	3	12
620	2023-04-21	1	1	1	2
621	2023-04-21	10	18	12	30
622	2023-04-21	3	5	9	14
623	2023-04-21	5	44	0	44
624	2023-04-21	9	11	5	16
625	2023-04-21	9	9	3	12
626	2023-04-23	1	3	6	9
627	2023-04-23	9	9	3	12
628	2023-04-24	9	7	8	15
629	2023-04-24	9	8	2	10
630	2023-04-26	1	1	1	2
631	2023-04-26	1	1	1	2
632	2023-04-26	1	1	1	2
633	2023-04-26	12	17	12	29
634	2023-04-26	7	10	6	16
635	2023-04-26	7	10	7	17
636	2023-04-27	1	2	4	6
637	2023-04-27	5	25	3	28
638	2023-04-27	7	7	4	11
639	2023-04-27	8	7	4	11
640	2023-04-27	9	23	5	28
641	2023-04-30	1	1	1	2
642	2023-04-30	1	5	0	5
643	2023-04-30	4	35	4	39
644	2023-04-30	8	7	4	11
645	2023-04-30	8	8	5	13
646	2023-04-30	8	8	5	13
647	2023-04-30	9	10	4	14
648	2023-04-30	9	12	6	18
649	2023-05-01	1	13	3	16
650	2023-05-01	11	47	8	55
651	2023-05-01	2	22	0	22
652	2023-05-01	3	23	21	44
653	2023-05-01	9	10	4	14
654	2023-05-01	9	27	12	39
655	2023-05-01	9	8	2	10
656	2023-05-01	9	8	2	10
657	2023-05-02	9	15	9	24
658	2023-05-02	9	9	3	12
659	2023-05-03	9	8	2	10
660	2023-05-04	9	8	2	10
661	2023-05-05	9	8	2	10
662	2023-05-06	9	8	2	10
663	2023-05-06	9	8	2	10
664	2023-05-07	9	8	2	10
665	2023-05-08	9	8	2	10
666	2023-05-09	3	25	5	30
667	2023-05-09	9	8	2	10
668	2023-05-12	10	134	3	137
669	2023-05-13	9	9	3	12
670	2023-05-14	12	8	170	178
671	2023-05-14	18	212	16	228
672	2023-05-14	8	15	33	48
673	2023-05-14	9	8	2	10
674	2023-05-16	9	8	2	10
675	2023-05-16	9	9	3	12
676	2023-05-18	1	4	2	6
677	2023-05-18	10	458	382	840
678	2023-05-18	11	75	3	78
679	2023-05-18	2	0	0	0
680	2023-05-18	2	2	0	2
681	2023-05-18	2	3	1	4
682	2023-05-18	69	2	2	4
683	2023-05-18	9	10	4	14
684	2023-05-19	14	20	10	30
685	2023-05-20	1	5	0	5
686	2023-05-20	1	6	0	6
687	2023-05-20	10	28	16	44
688	2023-05-20	10	9	4	13
689	2023-05-20	11	103	65	168
690	2023-05-20	2	21	16	37
691	2023-05-20	6	42	31	73
692	2023-05-21	9	12	6	18
693	2023-05-21	9	9	3	12
694	2023-05-22	9	8	2	10
695	2023-05-23	9	8	2	10
696	2023-05-24	9	8	2	10
697	2023-05-25	9	8	2	10
698	2023-05-26	9	8	2	10
699	2023-05-27	9	8	2	10
700	2023-05-28	9	8	2	10
701	2023-05-29	9	8	2	10
702	2023-05-30	6	113	16	129
703	2023-05-30	9	29	29	58
704	2023-05-30	9	8	2	10
705	2023-06-01	5	29	10	39
706	2023-06-01	9	9	3	12
707	2023-06-02	8	7	4	11
708	2023-06-02	9	8	2	10
709	2023-06-03	9	9	3	12
710	2023-06-04	9	8	2	10
711	2023-06-04	9	9	3	12
712	2023-06-05	0	0	0	0
713	2023-06-05	1	97	0	97
714	2023-06-05	2	2	2	4
715	2023-06-05	9	8	2	10
716	2023-06-05	9	8	2	10
717	2023-06-07	9	8	2	10
718	2023-06-08	9	8	2	10
719	2023-06-08	9	9	3	12
720	2023-06-09	9	8	2	10
721	2023-06-10	9	8	2	10
722	2023-06-11	9	8	2	10
723	2023-06-12	9	8	2	10
724	2023-06-13	8	8	2	10
725	2023-06-14	9	10	4	14
726	2023-06-14	9	9	3	12
727	2023-06-14	9	9	3	12
728	2023-06-14	9	9	3	12
729	2023-06-15	9	11	5	16
730	2023-06-17	9	8	2	10
731	2023-06-18	9	8	2	10
732	2023-06-18	9	9	3	12
733	2023-06-19	9	8	2	10
734	2023-06-20	9	8	2	10
735	2023-06-20	9	9	3	12
736	2023-06-22	9	8	2	10
737	2023-06-22	9	8	2	10
738	2023-06-23	9	8	2	10
739	2023-06-24	9	30	15	45
740	2023-06-25	9	8	2	10
741	2023-06-26	8	9	3	12
742	2023-06-26	9	8	2	10
743	2023-06-27	9	9	3	12
744	2023-06-28	9	8	2	10
745	2023-06-29	9	8	2	10
746	2023-07-02	12	584	529	1113
747	2023-07-02	7	41	0	41
748	2023-07-02	9	8	2	10
749	2023-07-04	4	98	4	102
750	2023-07-04	8	11	5	16
751	2023-07-05	3	19	12	31
752	2023-07-05	9	8	2	10
753	2023-07-06	3	18	8	26
754	2023-07-06	9	8	2	10
755	2023-07-07	9	8	2	10
756	2023-07-08	9	8	2	10
757	2023-07-08	9	8	2	10
758	2023-07-09	11	27	4	31
759	2023-07-09	6	104	0	104
760	2023-07-10	11	30	5	35
761	2023-07-10	11	32	5	37
762	2023-07-10	6	104	0	104
763	2023-07-10	6	107	0	107
764	2023-07-11	9	10	4	14
765	2023-07-12	9	8	2	10
766	2023-07-13	1	15	1	16
767	2023-07-13	9	11	5	16
768	2023-07-13	9	8	2	10
769	2023-07-13	9	8	2	10
770	2023-07-13	9	9	3	12
771	2023-07-14	9	11	5	16
772	2023-07-14	9	8	2	10
773	2023-07-15	9	8	2	10
774	2023-07-16	11	163	4	167
775	2023-07-17	10	14	9	23
776	2023-07-17	11	36	5	41
777	2023-07-17	4	4	4	8
778	2023-07-17	6	98	0	98
779	2023-07-17	9	9	3	12
780	2023-07-17	9	9	3	12
781	2023-07-18	11	44	11	55
782	2023-07-18	7	193	0	193
783	2023-07-19	100	31059572	20	31059592
784	2023-07-19	9	10	4	14
785	2023-07-19	9	10	4	14
786	2023-07-20	11	38	9	47
787	2023-07-20	9	9	3	12
788	2023-07-21	11	37	4	41
789	2023-07-21	3	60	42	102
790	2023-07-21	6	150	0	150
791	2023-07-21	9	9	3	12
792	2023-07-22	3	34	6	40
793	2023-07-22	6	44	25	69
794	2023-07-22	9	8	2	10
795	2023-07-22	9	9	3	12
796	2023-07-25	4	20	3	23
797	2023-07-25	9	8	2	10
798	2023-07-26	10	257	0	257
799	2023-07-26	11	39	4	43
800	2023-07-27	11	10	4	14
801	2023-07-27	6	12	11	23
802	2023-07-28	11	11	5	16
803	2023-07-28	11	16	7	23
804	2023-07-28	11	17	5	22
805	2023-07-28	15	210	16	226
806	2023-07-28	9	12	6	18
807	2023-07-29	13	195	139	334
808	2023-07-29	17	506	0	506
809	2023-07-29	8	7	4	11
810	2023-07-29	8	8	5	13
811	2023-07-29	9	8	2	10
812	2023-07-30	11	72	30	102
813	2023-07-30	6	31	27	58
814	2023-07-31	5	19	33	52
815	2023-07-31	6	56	13	69
816	2023-07-31	9	9	3	12
817	2023-07-31	9	9	3	12
818	2023-08-01	4	57	15	72
819	2023-08-01	9	8	2	10
820	2023-08-02	4	61	40	101
821	2023-08-02	9	8	2	10
822	2023-08-03	4	34	28	62
823	2023-08-03	9	8	2	10
824	2023-08-04	1	4	7	11
825	2023-08-04	10	12	6	18
826	2023-08-04	3	9	11	20
827	2023-08-04	9	8	2	10
828	2023-08-04	9	8	2	10
829	2023-08-05	11	74	7	81
830	2023-08-06	11	72	5	77
831	2023-08-06	4	48	28	76
832	2023-08-07	7	62	39	101
833	2023-08-07	9	9	3	12
834	2023-08-08	2	3	2	5
835	2023-08-08	9	8	2	10
836	2023-08-09	11	83	10	93
837	2023-08-09	8	158	0	158
838	2023-08-10	3	40	9	49
839	2023-08-10	9	9	3	12
840	2023-08-11	2	43	0	43
841	2023-08-11	9	8	2	10
842	2023-08-12	2	18	21	39
843	2023-08-12	9	8	2	10
844	2023-08-13	9	8	2	10
845	2023-08-13	9	80	29	109
846	2023-08-14	11	52	31	83
847	2023-08-14	3	40	13	53
848	2023-08-14	4	12	40	52
849	2023-08-14	5	115	100	215
850	2023-08-14	9	11	5	16
851	2023-08-14	9	9	3	12
852	2023-08-15	11	11	5	16
853	2023-08-15	5	35	2	37
854	2023-08-16	4	14	2	16
855	2023-08-16	9	9	3	12
856	2023-08-20	4	23	1	24
857	2023-08-20	7	8	2	10
