Commit_num	Commit_id	Date		Files	Insert	Delete	Sum
189 		64ddb15		2023-05-30 	9	8	2	10
188 		01130ac		2023-05-29 	9	8	2	10
187 		51c6acf		2023-05-28 	9	8	2	10
186 		092a5f7		2023-05-27 	9	8	2	10
185 		de2327f		2023-05-26 	9	8	2	10
184 		892bdb7		2023-05-25 	9	8	2	10
183 		2f88313		2023-05-24 	9	8	2	10
182 		3bfe2ea		2023-05-23 	9	8	2	10
181 		b81478c		2023-05-22 	9	8	2	10
180 		5faaff0		2023-05-21 	9	9	3	12
179 		9c0f441		2023-05-21 	9	12	6	18
178 		d0e2205		2023-05-20 	10	28	16	44
177 		e658230		2023-05-20 	11	103	65	168
176 		5a15ca8		2023-05-20 	10	9	4	13
175 		13351e8		2023-05-19 	14	20	10	30
174 		89ea791		2023-05-18 	9	10	4	14
173 		5547741		2023-05-18 	11	75	3	78
172 		861760f		2023-05-18 	10	458	382	840
171 		166c2af		2023-05-16 	9	9	3	12
170 		60e6f33		2023-05-16 	9	8	2	10
169 		6e84561		2023-05-14 	9	8	2	10
168 		84064c5		2023-05-14 	8	15	33	48
167 		9dffffd		2023-05-14 	12	8	170	178
166 		9f0c36a		2023-05-14 	18	212	16	228
165 		f9e7ccb		2023-05-13 	9	9	3	12
164 		972f81e		2023-05-12 	10	134	3	137
163 		6d6511d		2023-05-09 	9	8	2	10
162 		96f299b		2023-05-08 	9	8	2	10
161 		54914de		2023-05-07 	9	8	2	10
160 		e786169		2023-05-06 	9	8	2	10
159 		acf0475		2023-05-06 	9	8	2	10
158 		e680fcb		2023-05-05 	9	8	2	10
157 		98771a0		2023-05-04 	9	8	2	10
156 		c4fd61b		2023-05-03 	9	8	2	10
155 		9d0cfa3		2023-05-02 	9	9	3	12
154 		cd0fb88		2023-05-02 	9	15	9	24
153 		9b5040c		2023-05-01 	11	47	8	55
152 		b2e2b01		2023-05-01 	9	27	12	39
151 		5471fb0		2023-05-01 	9	10	4	14
150 		7e3e881		2023-05-01 	9	8	2	10
149 		1678103		2023-05-01 	9	8	2	10
148 		88e4dc9		2023-04-30 	9	12	6	18
147 		5b079b1		2023-04-30 	8	8	5	13
146 		573f91e		2023-04-30 	8	8	5	13
145 		6a9e12c		2023-04-30 	8	7	4	11
144 		eeca455		2023-04-30 	9	10	4	14
143 		8120644		2023-04-27 	7	7	4	11
142 		0b51593		2023-04-27 	8	7	4	11
141 		217f4e2		2023-04-27 	9	23	5	28
140 		78e8863		2023-04-27 	1	2	4	6
139 		cabc5c8		2023-04-26 	1	1	1	2
138 		95bdcd7		2023-04-26 	1	1	1	2
137 		ca5612d		2023-04-26 	1	1	1	2
136 		434d1ee		2023-04-26 	7	10	7	17
135 		a979056		2023-04-26 	7	10	6	16
134 		cf6994a		2023-04-26 	12	17	12	29
133 		8615ebf		2023-04-24 	9	8	2	10
132 		d236cec		2023-04-23 	9	9	3	12
131 		3e0aeac		2023-04-21 	9	11	5	16
130 		493bcd5		2023-04-21 	9	9	3	12
129 		1f548da		2023-04-21 	10	18	12	30
128 		06bbc88		2023-04-19 	10	142	11	153
127 		a0759ef		2023-04-19 	10	11	5	16
126 		c20f00d		2023-04-19 	9	9	3	12
125 		33be4df		2023-04-19 	9	8	2	10
124 		ebd4289		2023-04-18 	9	9	3	12
123 		b985eab		2023-04-17 	10	24	6	30
122 		d5f1f30		2023-04-16 	8	9	3	12
121 		ee788b0		2023-04-15 	11	14	7	21
120 		a3de6ce		2023-04-13 	6	5	3	8
119 		7a695b3		2023-04-13 	6	4	3	7
118 		99859ca		2023-04-12 	6	8	5	13
117 		6ee7840		2023-04-12 	12	15	13	28
116 		dc392ac		2023-04-12 	5	6	4	10
115 		261f7a7		2023-04-12 	13	24	13	37
114 		03d9e2c		2023-04-11 	8	8	2	10
113 		15da1b5		2023-04-11 	8	7	4	11
112 		0270902		2023-04-10 	8	8	2	10
111 		12f6144		2023-04-09 	9	9	3	12
110 		ae607d7		2023-04-07 	10	112	3	115
109 		e9440ac		2023-04-06 	9	8	2	10
108 		7bb7e36		2023-04-04 	9	8	2	10
107 		833f718		2023-04-03 	9	8	2	10
106 		549acc3		2023-04-02 	9	7	4	11
105 		3ee0936		2023-04-02 	6	8	10	18
104 		6e47dfd		2023-04-02 	16	28	10	38
103 		ae61813		2023-04-01 	8	8	2	10
102 		4332f7e		2023-03-29 	9	8	2	10
101 		cd4a92c		2023-03-28 	9	17	5	22
100 		9285276		2023-03-25 	9	7	4	11
99 		c7e4fa3		2023-03-25 	9	9	3	12
98 		9f95a27		2023-03-24 	9	8	2	10
97 		5ebd2e7		2023-03-20 	9	8	2	10
96 		81c498a		2023-03-18 	9	8	2	10
95 		b6ded8e		2023-03-15 	9	8	2	10
94 		3b49c72		2023-03-13 	9	8	2	10
93 		8f2eacc		2023-03-08 	9	8	2	10
92 		86d439e		2023-03-07 	9	8	2	10
91 		1fad55c		2023-03-06 	9	8	2	10
90 		dfe634c		2023-03-03 	9	8	2	10
89 		d5dd832		2023-03-01 	8	12	3	15
88 		f60bc1e		2023-02-25 	6	8	8	16
87 		54adec7		2023-02-25 	10	14	5	19
86 		27116c3		2023-02-18 	1	1	1	2
85 		5c8bf48		2023-02-18 	14	352	84	436
84 		6f7b0ee		2023-02-17 	7	125	0	125
83 		853b357		2023-02-15 	6	10	6	16
82 		1d6a708		2023-02-14 	3	81	7	88
81 		7d86ee5		2023-02-14 	3	10	6	16
80 		0df2d98		2023-02-13 	2	67	0	67
79 		2acd626		2023-02-10 	3	3	2	5
78 		410bf82		2023-02-10 	5	7	2	9
77 		6a9e7ac		2023-02-10 	10	14	13	27
76 		b16d46e		2023-02-10 	2	2	1	3
75 		bf09805		2023-02-10 	2	4	0	4
74 		b6173d3		2023-02-10 	13	215	100	315
73 		5a3a4fd		2023-02-08 	7	151	1	152
72 		97f3e0a		2023-02-05 	2	1	1	2
71 		d6d6da6		2023-02-05 	2	4	0	4
70 		e915b07		2023-02-05 	2	3	1	4
69 		580c35f		2023-02-05 	2	2	0	2
68 		a943a00		2023-02-05 	3	5	2	7
67 		272c1bb		2023-02-05 	2	7	8	15
66 		598f9f0		2023-02-05 	1	0	7	7
65 		1d2ff15		2023-02-05 	3	22	6	28
64 		5b47d94		2023-02-05 	3	10	1	11
63 		8220857		2023-02-05 	3	8	0	8
62 		34fef58		2023-02-05 	8	34	19	53
61 		22d44ac		2023-02-03 	3	3	0	3
60 		7e6fa11		2023-02-02 	3	3	0	3
59 		8984aaa		2023-02-02 	3	3	0	3
58 		e02bffb		2023-01-31 	3	3	0	3
57 		dcaed0f		2023-01-31 	3	3	0	3
56 		adc8009		2023-01-29 	3	5	0	5
55 		b8bb846		2023-01-29 	3	3	2	5
54 		595cd62		2023-01-29 	1	1	0	1
53 		985751e		2023-01-28 	3	3	0	3
52 		6eb9901		2023-01-27 	3	32	0	32
51 		20f6e2c		2023-01-27 	3	62	0	62
50 		833e6cd		2023-01-27 	7	1	126	127
49 		72e0364		2023-01-27 	1	3	0	3
48 		04148f9		2023-01-27 	0	0	0	0
47 		281413d		2023-01-27 	5	2	75	77
46 		7c64832		2023-01-27 	1	1	1	2
45 		109eb98		2023-01-27 	4	19	45	64
44 		7765d4a		2023-01-27 	3	62	0	62
43 		55c9001		2023-01-27 	3	74	0	74
42 		43561de		2023-01-27 	3	3	0	3
41 		9f3327d		2023-01-27 	2	58	169	227
40 		036c496		2023-01-26 	3	171	1	172
39 		8f60f19		2023-01-25 	2	2	0	2
38 		c7ff669		2023-01-25 	2	2	0	2
37 		dade811		2023-01-20 	2	2	0	2
36 		02c9597		2023-01-20 	2	2	1	3
35 		6c4b425		2023-01-20 	2	35	0	35
34 		30494e9		2023-01-19 	3	1	33	34
33 		b7a876b		2023-01-19 	4	43	1	44
32 		67512be		2023-01-19 	3	53	0	53
31 		f4070e3		2023-01-17 	3	4	0	4
30 		0844f9a		2023-01-15 	2	2	1	3
29 		44255ce		2023-01-15 	2	2	1	3
28 		b6d8eac		2023-01-15 	2	2	1	3
27 		abc22d8		2023-01-14 	2	2	0	2
26 		fd92acd		2023-01-13 	2	2	0	2
25 		370ec95		2023-01-12 	2	2	1	3
24 		db76d20		2023-01-12 	2	2	1	3
23 		0660b79		2023-01-11 	2	2	0	2
22 		f6098aa		2023-01-10 	2	2	0	2
21 		f231f05		2023-01-09 	2	2	0	2
20 		b2c6e4a		2023-01-08 	2	4	0	4
19 		4179c1b		2023-01-04 	2	2	0	2
18 		903cea3		2023-01-04 	2	2	0	2
17 		b931d89		2023-01-04 	2	2	0	2
16 		96cd3dc		2023-01-03 	2	2	0	2
15 		aae8a80		2023-01-02 	2	19	0	19
14 		43e25f4		2023-01-02 	1	1	0	1
13 		32976ec		2023-01-02 	1	1	0	1
12 		b23b1c9		2023-01-02 	2	11	0	11
11 		442c928		2023-01-01 	2	11	0	11
10 		a7fe199		2023-01-01 	1	1	1	2
9 		61c5a6c		2023-01-01 	1	1	1	2
8 		9f349cc		2023-01-01 	1	1	1	2
7 		cf1eec9		2023-01-01 	1	74	0	74
6 		f708007		2022-12-31 	1	1	1	2
5 		0253d66		2022-12-31 	1	0	0	0
4 		341af12		2022-12-31 	1	34	0	34
3 		7aa863d		2022-12-30 	3	9	2	11
2 		12c6e0d		2022-12-30 	2	17	0	17
1 		1bad07a		2022-12-29 	1	5	0	5
