Commit_num	Commit_id	Date		Files	Insert	Delete	Sum
140	9ca6036	2023-12-10	2	11	5	16
139	b9d99fb	2023-12-09	2	11	7	18
138	153864c	2023-12-08	2	9	11	20
137	53361f7	2023-12-07	5	8	6	14
136	889b935	2023-12-06	5	3	1	4
135	566ae3c	2023-12-03	2	2	1	3
134	68428d4	2023-12-02	3	34	1	35
133	7f46089	2023-12-02	2	9	3	12
132	0270577	2023-12-01	2	3	4	7
131	323c735	2023-11-30	3	8	2	10
130	0a4770a	2023-11-29	5	6	3	9
129	e857f2e	2023-11-27	2	38	8	46
128	367cc2e	2023-11-27	1	8	0	8
127	16d3c7b	2023-11-27	1	8	0	8
126	acd4c47	2023-11-27	3	33	33	66
125	631ba90	2023-11-27	2	0	1	1
124	05edb77	2023-11-27	2	0	1	1
123	0be54ee	2023-11-25	5	33	0	33
122	d0b096b	2023-11-25	0	0	0	0
121	88eec66	2023-11-22	23	249168	81059	330227
120	09eceec	2023-11-18	7	160002	5	160007
119	89620d4	2023-11-17	2	2	1	3
118	bdc6174	2023-11-15	4	8001	1	8002
117	c36425c	2023-11-14	2	9	5	14
116	d9cc8aa	2023-11-13	3	14	8	22
115	8615e65	2023-11-03	3	9	0	9
114	092ad73	2023-11-01	3	7	14	21
113	e4be3d6	2023-10-31	3	14	7	21
112	dc66cda	2023-10-30	2	28	15	43
111	186e0ea	2023-10-29	2	2	2	4
110	a7eff3a	2023-10-28	2	15	11	26
109	fe8019a	2023-10-27	2	15	13	28
108	9cf6ea4	2023-10-25	6	39	5	44
107	c273e13	2023-10-24	2	1	4	5
106	eb3dcf0	2023-10-23	3	6	0	6
105	b44e0c8	2023-10-22	3	5	4	9
104	3c8a0bb	2023-10-21	2	11	5	16
103	aaa0d78	2023-10-20	2	7	6	13
102	b05fc5d	2023-10-18	7	21	17	38
101	76b2fde	2023-10-17	10	95	263	358
100	214b949	2023-09-19	4	13	7	20
99	64894a9	2023-09-18	4	46	3	49
98	1fae33d	2023-09-17	6	17	10	27
97	275e549	2023-09-15	5	6	2	8
96	806c098	2023-09-10	1	1	1	2
95	c4b56ff	2023-09-10	1	15	16	31
94	2593eb0	2023-09-09	5	311	4	315
93	60b3c2d	2023-09-07	1	4	2	6
92	e7ee286	2023-09-03	8	23	32	55
91	3ad3020	2023-09-02	1	13	16	29
90	9572043	2023-09-02	1	1	1	2
89	6195fdc	2023-09-02	7	60544	887435	947979
88	fef16bf	2023-09-01	12	1008460	17	1008477
87	247dac6	2023-08-30	52	85	6897488	6897573
86	f7ba0a8	2023-08-29	1	1	1	2
85	adad837	2023-08-28	7	97	14	111
84	228969a	2023-08-28	4	29	33	62
83	011bc6e	2023-08-27	6	54	12	66
82	3939a96	2023-08-16	4	14	2	16
81	2c53d4d	2023-08-15	5	35	2	37
80	72dbe19	2023-07-28	4	1	1	2
79	011d1ee	2023-07-28	14	210	16	226
78	c99823e	2023-07-28	15	210	16	226
77	048f712	2023-07-28	3	3	3	6
76	b393a64	2023-07-27	6	12	11	23
75	f6b0006	2023-07-27	6	12	11	23
74	120b136	2023-07-20	2	9	5	14
73	6ed8c38	2023-07-20	2	8	4	12
72	6889c84	2023-07-20	1	3	0	3
71	c55ed63	2023-07-19	100	31059572	20	31059592
70	75a822c	2023-07-18	1	3	0	3
69	36700cd	2023-07-17	4	4	4	8
68	e2ab9a3	2023-04-24	9	7	8	15
67	f408f46	2023-04-23	1	3	6	9
66	97ae5f4	2023-04-21	1	1	1	2
65	b5738c0	2023-04-21	3	5	9	14
64	44d2679	2023-04-21	5	44	0	44
63	10bf4ae	2023-04-19	12	161374	12	161386
62	9e1862c	2023-04-19	2	4	9	13
61	57133f6	2023-04-19	2	3	1	4
60	533d967	2023-04-19	7	3	28	31
59	d74ed7c	2023-04-18	28	586	4	590
58	5c83db5	2023-04-17	18	69	584991	585060
57	afaa764	2023-04-16	5	423574	2	423576
56	113b248	2023-04-15	4	27	1	28
55	12ce4b9	2023-04-11	3	242040	0	242040
54	ad92e10	2023-04-11	22	10	162597	162607
53	fad0678	2023-04-09	9	68	17	85
52	1b4c706	2023-04-07	10	426	22	448
51	172bc33	2023-04-06	3	26	18	44
50	c0443d8	2023-04-04	2	22	5	27
49	f8ff919	2023-04-03	5	38	2	40
48	cec11dd	2023-04-02	14	773	28	801
47	641adb5	2023-04-01	10	161367	2	161369
46	774a662	2023-03-29	2	16	17	33
45	932d9cb	2023-03-28	8	11	3	14
44	46b416a	2023-03-25	0	0	0	0
43	2094008	2023-03-25	6	41	5	46
42	f27affa	2023-03-25	5	40	4	44
41	2299b01	2023-03-24	9	815	1	816
40	dafc06a	2023-03-20	6	42	11	53
39	782c8e5	2023-03-18	5	45	24	69
38	24b2fc3	2023-03-15	7	73	26	99
37	caa9fdc	2023-03-13	1	93	15	108
36	56622e6	2023-03-08	3	22	0	22
35	b730715	2023-03-07	4	14	18	32
34	4574760	2023-03-06	8	46	28	74
33	7f617ae	2023-03-03	4	6	4	10
32	09b2087	2023-03-01	12	115	146	261
31	78bb89d	2023-02-25	9	20	30	50
30	f07a656	2023-01-27	1	2	0	2
29	8237fa4	2023-01-15	6	502	463	965
28	372783b	2023-01-13	4	33	27	60
27	2acc9af	2023-01-12	5	73	51	124
26	ba7c7c4	2023-01-10	2	35	20	55
25	56c075a	2023-01-09	4	58	34	92
24	2a7ddc1	2023-01-08	1	14	9	23
23	9694ca3	2023-01-04	1	3	4	7
22	468a08f	2023-01-04	1	4	4	8
21	6733f00	2023-01-04	1	6	7	13
20	37f21ef	2023-01-04	1	22	0	22
19	2356306	2023-01-04	1	21	18	39
18	3661499	2023-01-03	1	17	19	36
17	65e2b25	2023-01-02	1	5	3	8
16	dbbed7c	2022-07-06	1	1	1	2
15	0db3742	2020-01-02	1	1	1	2
14	c662f2d	2019-12-06	10	119	190	309
13	17e368b	2019-12-04	1	2	2	4
12	7d02f6b	2019-12-04	1	7	0	7
11	62314b1	2019-12-04	1	1	2	3
10	d0234dc	2019-12-04	4	186	19	205
9	b6bca59	2019-12-01	1	1	1	2
8	d1c8043	2019-12-01	4	116	41	157
7	75095a8	2019-11-25	6	80786	8	80794
6	a290ac9	2019-11-25	9	160	42	202
5	33b672c	2019-11-23	8	62	19	81
4	5c3e72e	2019-11-22	7	125	12	137
3	ed5b859	2019-11-22	6	161387	0	161387
2	9abf864	2019-11-22	1	2	0	2
1	ae5eb16	2019-11-22	1	2	0	2
